# Rate-distortion data for "Flexible-Rate Learned Hierarchical Bi-Directional Video Compression" on UVG
# The first column contains bits per pixel (bpp) values.
# The second column contains PSNR

# Aggregated

0.0484,	35.81
0.0529,	36.09
0.0585,	36.39
0.0653,	36.72
0.0742,	37.04
0.0841,	37.33
0.0946,	37.60
0.1050,	37.82
0.1182,	38.06
0.1357,	38.32
0.1564,	38.56
0.1777,	38.78
0.1983,	38.95
0.2125,	39.05
0.2245,	39.13
0.2334,	39.18

# Beauty sequence

0.0370,	33.94
0.0431,	34.00
0.0512,	34.07
0.0622,	34.16
0.0774,	34.27
0.0964,	34.40
0.1181,	34.56
0.1402,	34.69
0.1703,	34.84
0.2120,	35.04
0.2668,	35.31
0.3243,	35.61
0.3809,	35.85
0.4179,	36.00
0.4502,	36.12
0.4741,	36.20

# Bosphorus sequence

0.0251,	37.89
0.0271,	38.22
0.0297,	38.55
0.0323,	38.91
0.0357,	39.23
0.0393,	39.52
0.0432,	39.77
0.0471,	40.02
0.0518,	40.29
0.0578,	40.56
0.0635,	40.76
0.0694,	40.94
0.0751,	41.08
0.0793,	41.16
0.0827,	41.22
0.0853,	41.25

# Honeybee sequence

0.0211,	36.55
0.0226,	36.83
0.0245,	37.10
0.0265,	37.38
0.0291,	37.59
0.0321,	37.77
0.0355,	37.91
0.0391,	38.01
0.0435,	38.10
0.0488,	38.18
0.0537,	38.22
0.0591,	38.27
0.0648,	38.31
0.0694,	38.33
0.0734,	38.36
0.0771,	38.38

# Jockey sequence

0.0500,	36.54
0.0540,	36.78
0.0589,	37.04
0.0646,	37.34
0.0723,	37.63
0.0804,	37.89
0.0887,	38.12
0.0966,	38.29
0.1065,	38.47
0.1195,	38.67
0.1347,	38.88
0.1504,	39.06
0.1654,	39.19
0.1763,	39.28
0.1856,	39.34
0.1921,	39.37

# Ready sequence

0.0763,	35.07
0.0820,	35.47
0.0889,	35.90
0.0971,	36.41
0.1070,	36.89
0.1173,	37.30
0.1279,	37.67
0.1388,	38.00
0.1526,	38.37
0.1702,	38.76
0.1886,	39.09
0.2065,	39.36
0.2232,	39.56
0.2352,	39.69
0.2443,	39.77
0.2506,	39.82

# Shake sequence

0.0557,	35.09
0.0613,	35.37
0.0680,	35.66
0.0765,	35.97
0.0877,	36.29
0.1000,	36.59
0.1129,	36.88
0.1246,	37.09
0.1391,	37.31
0.1578,	37.54
0.1807,	37.77
0.2047,	38.00
0.2281,	38.18
0.2441,	38.28
0.2586,	38.37
0.2698,	38.44

# Yatch sequence

0.0774,	35.20
0.0846,	35.59
0.0933,	36.02
0.1037,	36.52
0.1171,	37.03
0.1311,	37.49
0.1453,	37.92
0.1584,	38.26
0.1744,	38.65
0.1950,	39.06
0.2191,	39.47
0.2434,	39.81
0.2661,	40.08
0.2815,	40.24
0.2945,	40.35
0.3037,	40.42

